[pic2.jpg]
filters=finetune2=1,0.000000,0.000000,0.087018,00000000,-0.017544;
moddate=0000af0912d00000
width=1905
height=732
textactive=0
[pic5.jpg]
filters=crop64=1,57d2828fbc3e1c6;sepia=1;
crop=rect64(57d2828fbc3e1c6)
moddate=000089fd17d00000
width=3264
height=2448
textactive=0
[pic6.jpg]
filters=HDR=1,20.000000,2.052632,0.000000;tilt=1,-0.217422,0.000000;
moddate=00006e0018d00000
width=3264
height=2448
textactive=0
