[pic2.jpg]
filters=finetune2=1,0.000000,0.000000,0.087018,00000000,-0.017544;
moddate=0000af0912d00000
width=1905
height=732
textactive=0
